322.870737	592.173888	0.035706
322.870737	1830.781779	0.023520
322.870737	1562.329878	0.026161
322.870737	1857.672330	0.023255
322.870737	560.466868	0.036018
322.870737	1307.911204	0.028663
322.870737	1919.162243	0.022651
322.870737	423.421624	0.037366
322.870737	747.287205	0.034179
322.870737	47.429240	0.041066
322.870737	1637.039167	0.025426
322.870737	936.141310	0.032321
322.870737	681.168352	0.034830
322.870737	638.874290	0.035246
322.870737	646.395277	0.035172
322.870737	1366.962003	0.028082
322.870737	990.407138	0.031787
322.870737	897.378373	0.032703
322.870737	861.464132	0.033056
322.870737	1774.858717	0.024070
322.870737	1179.039567	0.029931
322.870737	596.403608	0.035664
322.870737	1225.645121	0.029473
322.870737	513.035475	0.036485
322.870737	1048.327107	0.031217
322.870737	1499.885163	0.026775
322.870737	1269.968461	0.029037
322.870737	1282.149972	0.028917
322.870737	1216.231654	0.029565
322.870737	1368.736300	0.028065
322.870737	1786.223677	0.023958
322.870737	693.561543	0.034708
322.870737	905.450937	0.032623
322.870737	804.993418	0.033612
322.870737	728.145055	0.034368
322.870737	923.171937	0.032449
322.870737	-5.919654	0.041591
322.870737	1204.216778	0.029684
322.870737	310.881678	0.038474
322.870737	905.716373	0.032621
322.870737	507.372608	0.036540
322.870737	908.802308	0.032590
322.870737	727.551810	0.034374
322.870737	1099.796354	0.030711
322.870737	895.365554	0.032722
322.870737	729.098803	0.034358
322.870737	1399.285959	0.027764
322.870737	219.686442	0.039371
322.870737	1126.444863	0.030449
322.870737	912.749498	0.032551
322.870737	1275.078508	0.028986
322.870737	892.416740	0.032751
322.870737	1838.323368	0.023446
322.870737	841.815932	0.033249
322.870737	-96.029658	0.042478
322.870737	472.323467	0.036885
322.870737	1440.367369	0.027360
322.870737	113.907285	0.040412
322.870737	1272.530590	0.029011
322.870737	1569.906420	0.026086
322.870737	528.594918	0.036331
322.870737	1311.222384	0.028631
322.870737	1380.720680	0.027947
322.870737	339.724860	0.038190
322.870737	1193.933878	0.029785
322.870737	1188.851797	0.029835
322.870737	455.555627	0.037050
322.870737	537.137588	0.036247
322.870737	995.544652	0.031737
322.870737	594.327816	0.035685
322.870737	659.789007	0.035040
322.870737	760.224281	0.034052
322.870737	41.227254	0.041127
322.870737	1292.974272	0.028810
322.870737	508.614447	0.036528
322.870737	1798.581138	0.023837
322.870737	1074.639149	0.030958
322.870737	1297.110935	0.028770
322.870737	-247.844949	0.043972
322.870737	1202.179670	0.029704
322.870737	559.035619	0.036032
322.870737	479.550539	0.036814
322.870737	1220.576315	0.029523
322.870737	1834.591116	0.023482
322.870737	1053.877741	0.031163
322.870737	1252.413866	0.029209
322.870737	689.056781	0.034752
322.870737	1283.661603	0.028902
322.870737	1260.658475	0.029128
322.870737	1480.387182	0.026967
322.870737	979.013009	0.031899
322.870737	1065.893404	0.031045
322.870737	552.649522	0.036095
322.870737	146.857153	0.040088
322.870737	1008.882211	0.031605
322.870737	314.072841	0.038442
322.870737	1928.968355	0.022554
322.870737	1116.463035	0.030547
322.870737	967.677040	0.032011
322.870737	841.181527	0.033256
316.777382	592.173888	0.009348
316.777382	1830.781779	0.000000
316.777382	1562.329878	0.000000
316.777382	1857.672330	0.000000
316.777382	560.466868	0.009662
316.777382	1307.911204	0.002243
316.777382	1919.162243	0.000000
316.777382	423.421624	0.011023
316.777382	747.287205	0.007808
316.777382	47.429240	0.014755
316.777382	1637.039167	0.000000
316.777382	936.141310	0.005933
316.777382	681.168352	0.008464
316.777382	638.874290	0.008884
316.777382	646.395277	0.008810
316.777382	1366.962003	0.001657
316.777382	990.407138	0.005395
316.777382	897.378373	0.006318
316.777382	861.464132	0.006675
316.777382	1774.858717	0.000000
316.777382	1179.039567	0.003522
316.777382	596.403608	0.009306
316.777382	1225.645121	0.003060
316.777382	513.035475	0.010133
316.777382	1048.327107	0.004820
316.777382	1499.885163	0.000337
316.777382	1269.968461	0.002620
316.777382	1282.149972	0.002499
316.777382	1216.231654	0.003153
316.777382	1368.736300	0.001639
316.777382	1786.223677	0.000000
316.777382	693.561543	0.008341
316.777382	905.450937	0.006238
316.777382	804.993418	0.007235
316.777382	728.145055	0.007998
316.777382	923.171937	0.006062
316.777382	-5.919654	0.015285
316.777382	1204.216778	0.003272
316.777382	310.881678	0.012140
316.777382	905.716373	0.006235
316.777382	507.372608	0.010190
316.777382	908.802308	0.006205
316.777382	727.551810	0.008004
316.777382	1099.796354	0.004309
316.777382	895.365554	0.006338
316.777382	729.098803	0.007989
316.777382	1399.285959	0.001336
316.777382	219.686442	0.013045
316.777382	1126.444863	0.004044
316.777382	912.749498	0.006166
316.777382	1275.078508	0.002569
316.777382	892.416740	0.006367
316.777382	1838.323368	0.000000
316.777382	841.815932	0.006870
316.777382	-96.029658	0.016179
316.777382	472.323467	0.010537
316.777382	1440.367369	0.000928
316.777382	113.907285	0.014095
316.777382	1272.530590	0.002594
316.777382	1569.906420	0.000000
316.777382	528.594918	0.009979
316.777382	1311.222384	0.002210
316.777382	1380.720680	0.001520
316.777382	339.724860	0.011854
316.777382	1193.933878	0.003374
316.777382	1188.851797	0.003425
316.777382	455.555627	0.010704
316.777382	537.137588	0.009894
316.777382	995.544652	0.005344
316.777382	594.327816	0.009326
316.777382	659.789007	0.008677
316.777382	760.224281	0.007680
316.777382	41.227254	0.014817
316.777382	1292.974272	0.002391
316.777382	508.614447	0.010177
316.777382	1798.581138	0.000000
316.777382	1074.639149	0.004559
316.777382	1297.110935	0.002350
316.777382	-247.844949	0.017686
316.777382	1202.179670	0.003293
316.777382	559.035619	0.009677
316.777382	479.550539	0.010466
316.777382	1220.576315	0.003110
316.777382	1834.591116	0.000000
316.777382	1053.877741	0.004765
316.777382	1252.413866	0.002794
316.777382	689.056781	0.008386
316.777382	1283.661603	0.002484
316.777382	1260.658475	0.002712
316.777382	1480.387182	0.000531
316.777382	979.013009	0.005508
316.777382	1065.893404	0.004645
316.777382	552.649522	0.009740
316.777382	146.857153	0.013768
316.777382	1008.882211	0.005211
316.777382	314.072841	0.012108
316.777382	1928.968355	0.000000
316.777382	1116.463035	0.004143
316.777382	967.677040	0.005620
316.777382	841.181527	0.006876
332.151124	592.173888	0.163718
332.151124	1830.781779	0.151481
332.151124	1562.329878	0.154134
332.151124	1857.672330	0.151215
332.151124	560.466868	0.164030
332.151124	1307.911204	0.156650
332.151124	1919.162243	0.150606
332.151124	423.421624	0.165383
332.151124	747.287205	0.162191
332.151124	47.429240	0.169092
332.151124	1637.039167	0.153395
332.151124	936.141310	0.160324
332.151124	681.168352	0.162844
332.151124	638.874290	0.163261
332.151124	646.395277	0.163187
332.151124	1366.962003	0.156066
332.151124	990.407138	0.159788
332.151124	897.378373	0.160707
332.151124	861.464132	0.161061
332.151124	1774.858717	0.152031
332.151124	1179.039567	0.157924
332.151124	596.403608	0.163676
332.151124	1225.645121	0.157463
332.151124	513.035475	0.164498
332.151124	1048.327107	0.159215
332.151124	1499.885163	0.154752
332.151124	1269.968461	0.157025
332.151124	1282.149972	0.156904
332.151124	1216.231654	0.157556
332.151124	1368.736300	0.156048
332.151124	1786.223677	0.151918
332.151124	693.561543	0.162721
332.151124	905.450937	0.160627
332.151124	804.993418	0.161621
332.151124	728.145055	0.162380
332.151124	923.171937	0.160452
332.151124	-5.919654	0.169618
332.151124	1204.216778	0.157675
332.151124	310.881678	0.166493
332.151124	905.716373	0.160624
332.151124	507.372608	0.164554
332.151124	908.802308	0.160594
332.151124	727.551810	0.162386
332.151124	1099.796354	0.158707
332.151124	895.365554	0.160726
332.151124	729.098803	0.162370
332.151124	1399.285959	0.155746
332.151124	219.686442	0.167393
332.151124	1126.444863	0.158443
332.151124	912.749498	0.160555
332.151124	1275.078508	0.156974
332.151124	892.416740	0.160756
332.151124	1838.323368	0.151406
332.151124	841.815932	0.161257
332.151124	-96.029658	0.170507
332.151124	472.323467	0.164900
332.151124	1440.367369	0.155340
332.151124	113.907285	0.168436
332.151124	1272.530590	0.156999
332.151124	1569.906420	0.154059
332.151124	528.594918	0.164345
332.151124	1311.222384	0.156617
332.151124	1380.720680	0.155930
332.151124	339.724860	0.166208
332.151124	1193.933878	0.157776
332.151124	1188.851797	0.157827
332.151124	455.555627	0.165066
332.151124	537.137588	0.164261
332.151124	995.544652	0.159737
332.151124	594.327816	0.163696
332.151124	659.789007	0.163055
332.151124	760.224281	0.162063
332.151124	41.227254	0.169153
332.151124	1292.974272	0.156797
332.151124	508.614447	0.164542
332.151124	1798.581138	0.151799
332.151124	1074.639149	0.158955
332.151124	1297.110935	0.156757
332.151124	-247.844949	0.172003
332.151124	1202.179670	0.157695
332.151124	559.035619	0.164045
332.151124	479.550539	0.164829
332.151124	1220.576315	0.157513
332.151124	1834.591116	0.151443
332.151124	1053.877741	0.159161
332.151124	1252.413866	0.157198
332.151124	689.056781	0.162766
332.151124	1283.661603	0.156889
332.151124	1260.658475	0.157117
332.151124	1480.387182	0.154945
332.151124	979.013009	0.159900
332.151124	1065.893404	0.159042
332.151124	552.649522	0.164108
332.151124	146.857153	0.168111
332.151124	1008.882211	0.159605
332.151124	314.072841	0.166461
332.151124	1928.968355	0.150509
332.151124	1116.463035	0.158542
332.151124	967.677040	0.160012
332.151124	841.181527	0.161263
318.051474	592.173888	0.013013
318.051474	1830.781779	0.000737
318.051474	1562.329878	0.003398
318.051474	1857.672330	0.000471
318.051474	560.466868	0.013327
318.051474	1307.911204	0.005919
318.051474	1919.162243	0.000000
318.051474	423.421624	0.014685
318.051474	747.287205	0.011475
318.051474	47.429240	0.018412
318.051474	1637.039167	0.002657
318.051474	936.141310	0.009604
318.051474	681.168352	0.012131
318.051474	638.874290	0.012550
318.051474	646.395277	0.012475
318.051474	1366.962003	0.005334
318.051474	990.407138	0.009066
318.051474	897.378373	0.009988
318.051474	861.464132	0.010344
318.051474	1774.858717	0.001291
318.051474	1179.039567	0.007196
318.051474	596.403608	0.012971
318.051474	1225.645121	0.006734
318.051474	513.035475	0.013797
318.051474	1048.327107	0.008492
318.051474	1499.885163	0.004016
318.051474	1269.968461	0.006295
318.051474	1282.149972	0.006174
318.051474	1216.231654	0.006828
318.051474	1368.736300	0.005316
318.051474	1786.223677	0.001179
318.051474	693.561543	0.012008
318.051474	905.450937	0.009908
318.051474	804.993418	0.010903
318.051474	728.145055	0.011665
318.051474	923.171937	0.009732
318.051474	-5.919654	0.018941
318.051474	1204.216778	0.006947
318.051474	310.881678	0.015801
318.051474	905.716373	0.009905
318.051474	507.372608	0.013853
318.051474	908.802308	0.009875
318.051474	727.551810	0.011671
318.051474	1099.796354	0.007982
318.051474	895.365554	0.010008
318.051474	729.098803	0.011656
318.051474	1399.285959	0.005013
318.051474	219.686442	0.016705
318.051474	1126.444863	0.007717
318.051474	912.749498	0.009835
318.051474	1275.078508	0.006244
318.051474	892.416740	0.010037
318.051474	1838.323368	0.000662
318.051474	841.815932	0.010538
318.051474	-96.029658	0.019834
318.051474	472.323467	0.014201
318.051474	1440.367369	0.004606
318.051474	113.907285	0.017753
318.051474	1272.530590	0.006270
318.051474	1569.906420	0.003322
318.051474	528.594918	0.013643
318.051474	1311.222384	0.005886
318.051474	1380.720680	0.005197
318.051474	339.724860	0.015515
318.051474	1193.933878	0.007049
318.051474	1188.851797	0.007099
318.051474	455.555627	0.014367
318.051474	537.137588	0.013558
318.051474	995.544652	0.009015
318.051474	594.327816	0.012991
318.051474	659.789007	0.012343
318.051474	760.224281	0.011347
318.051474	41.227254	0.018473
318.051474	1292.974272	0.006067
318.051474	508.614447	0.013841
318.051474	1798.581138	0.001056
318.051474	1074.639149	0.008231
318.051474	1297.110935	0.006026
318.051474	-247.844949	0.021339
318.051474	1202.179670	0.006967
318.051474	559.035619	0.013341
318.051474	479.550539	0.014129
318.051474	1220.576315	0.006785
318.051474	1834.591116	0.000699
318.051474	1053.877741	0.008437
318.051474	1252.413866	0.006469
318.051474	689.056781	0.012053
318.051474	1283.661603	0.006159
318.051474	1260.658475	0.006387
318.051474	1480.387182	0.004210
318.051474	979.013009	0.009179
318.051474	1065.893404	0.008318
318.051474	552.649522	0.013404
318.051474	146.857153	0.017427
318.051474	1008.882211	0.008883
318.051474	314.072841	0.015769
318.051474	1928.968355	0.000000
318.051474	1116.463035	0.007816
318.051474	967.677040	0.009291
318.051474	841.181527	0.010545
330.413847	592.173888	0.125686
330.413847	1830.781779	0.113501
330.413847	1562.329878	0.116142
330.413847	1857.672330	0.113236
330.413847	560.466868	0.125998
330.413847	1307.911204	0.118645
330.413847	1919.162243	0.112631
330.413847	423.421624	0.127348
330.413847	747.287205	0.124160
330.413847	47.429240	0.131041
330.413847	1637.039167	0.115407
330.413847	936.141310	0.122302
330.413847	681.168352	0.124811
330.413847	638.874290	0.125227
330.413847	646.395277	0.125153
330.413847	1366.962003	0.118064
330.413847	990.407138	0.121768
330.413847	897.378373	0.122683
330.413847	861.464132	0.123037
330.413847	1774.858717	0.114051
330.413847	1179.039567	0.119914
330.413847	596.403608	0.125645
330.413847	1225.645121	0.119455
330.413847	513.035475	0.126465
330.413847	1048.327107	0.121198
330.413847	1499.885163	0.116757
330.413847	1269.968461	0.119019
330.413847	1282.149972	0.118899
330.413847	1216.231654	0.119548
330.413847	1368.736300	0.118047
330.413847	1786.223677	0.113939
330.413847	693.561543	0.124689
330.413847	905.450937	0.122604
330.413847	804.993418	0.123592
330.413847	728.145055	0.124348
330.413847	923.171937	0.122430
330.413847	-5.919654	0.131565
330.413847	1204.216778	0.119666
330.413847	310.881678	0.128455
330.413847	905.716373	0.122601
330.413847	507.372608	0.126520
330.413847	908.802308	0.122571
330.413847	727.551810	0.124354
330.413847	1099.796354	0.120692
330.413847	895.365554	0.122703
330.413847	729.098803	0.124339
330.413847	1399.285959	0.117746
330.413847	219.686442	0.129347
330.413847	1126.444863	0.120431
330.413847	912.749498	0.122532
330.413847	1275.078508	0.118968
330.413847	892.416740	0.122732
330.413847	1838.323368	0.113427
330.413847	841.815932	0.123230
330.413847	-96.029658	0.132451
330.413847	472.323467	0.126867
330.413847	1440.367369	0.117342
330.413847	113.907285	0.130387
330.413847	1272.530590	0.118994
330.413847	1569.906420	0.116068
330.413847	528.594918	0.126311
330.413847	1311.222384	0.118613
330.413847	1380.720680	0.117929
330.413847	339.724860	0.128171
330.413847	1193.933878	0.119767
330.413847	1188.851797	0.119817
330.413847	455.555627	0.127031
330.413847	537.137588	0.126228
330.413847	995.544652	0.121718
330.413847	594.327816	0.125665
330.413847	659.789007	0.125021
330.413847	760.224281	0.124033
330.413847	41.227254	0.131102
330.413847	1292.974272	0.118792
330.413847	508.614447	0.126508
330.413847	1798.581138	0.113818
330.413847	1074.639149	0.120939
330.413847	1297.110935	0.118752
330.413847	-247.844949	0.133942
330.413847	1202.179670	0.119686
330.413847	559.035619	0.126012
330.413847	479.550539	0.126795
330.413847	1220.576315	0.119505
330.413847	1834.591116	0.113463
330.413847	1053.877741	0.121144
330.413847	1252.413866	0.119191
330.413847	689.056781	0.124733
330.413847	1283.661603	0.118884
330.413847	1260.658475	0.119110
330.413847	1480.387182	0.116949
330.413847	979.013009	0.121880
330.413847	1065.893404	0.121025
330.413847	552.649522	0.126075
330.413847	146.857153	0.130063
330.413847	1008.882211	0.121586
330.413847	314.072841	0.128423
330.413847	1928.968355	0.112535
330.413847	1116.463035	0.120530
330.413847	967.677040	0.121992
330.413847	841.181527	0.123236
326.218628	592.173888	0.064263
326.218628	1830.781779	0.052125
326.218628	1562.329878	0.054755
326.218628	1857.672330	0.051861
326.218628	560.466868	0.064574
326.218628	1307.911204	0.057248
326.218628	1919.162243	0.051259
326.218628	423.421624	0.065917
326.218628	747.287205	0.062742
326.218628	47.429240	0.069602
326.218628	1637.039167	0.054023
326.218628	936.141310	0.060891
326.218628	681.168352	0.063390
326.218628	638.874290	0.063805
326.218628	646.395277	0.063731
326.218628	1366.962003	0.056669
326.218628	990.407138	0.060360
326.218628	897.378373	0.061271
326.218628	861.464132	0.061623
326.218628	1774.858717	0.052672
326.218628	1179.039567	0.058511
326.218628	596.403608	0.064221
326.218628	1225.645121	0.058054
326.218628	513.035475	0.065038
326.218628	1048.327107	0.059792
326.218628	1499.885163	0.055367
326.218628	1269.968461	0.057620
326.218628	1282.149972	0.057500
326.218628	1216.231654	0.058146
326.218628	1368.736300	0.056652
326.218628	1786.223677	0.052561
326.218628	693.561543	0.063269
326.218628	905.450937	0.061192
326.218628	804.993418	0.062177
326.218628	728.145055	0.062930
326.218628	923.171937	0.061019
326.218628	-5.919654	0.070125
326.218628	1204.216778	0.058264
326.218628	310.881678	0.067020
326.218628	905.716373	0.061190
326.218628	507.372608	0.065094
326.218628	908.802308	0.061159
326.218628	727.551810	0.062936
326.218628	1099.796354	0.059287
326.218628	895.365554	0.061291
326.218628	729.098803	0.062921
326.218628	1399.285959	0.056352
326.218628	219.686442	0.067914
326.218628	1126.444863	0.059026
326.218628	912.749498	0.061121
326.218628	1275.078508	0.057570
326.218628	892.416740	0.061320
326.218628	1838.323368	0.052051
326.218628	841.815932	0.061816
326.218628	-96.029658	0.071008
326.218628	472.323467	0.065438
326.218628	1440.367369	0.055950
326.218628	113.907285	0.068950
326.218628	1272.530590	0.057595
326.218628	1569.906420	0.054681
326.218628	528.594918	0.064886
326.218628	1311.222384	0.057215
326.218628	1380.720680	0.056534
326.218628	339.724860	0.066737
326.218628	1193.933878	0.058365
326.218628	1188.851797	0.058415
326.218628	455.555627	0.065602
326.218628	537.137588	0.064802
326.218628	995.544652	0.060309
326.218628	594.327816	0.064242
326.218628	659.789007	0.063600
326.218628	760.224281	0.062616
326.218628	41.227254	0.069663
326.218628	1292.974272	0.057394
326.218628	508.614447	0.065082
326.218628	1798.581138	0.052440
326.218628	1074.639149	0.059534
326.218628	1297.110935	0.057354
326.218628	-247.844949	0.072496
326.218628	1202.179670	0.058284
326.218628	559.035619	0.064588
326.218628	479.550539	0.065367
326.218628	1220.576315	0.058104
326.218628	1834.591116	0.052087
326.218628	1053.877741	0.059737
326.218628	1252.413866	0.057792
326.218628	689.056781	0.063313
326.218628	1283.661603	0.057485
326.218628	1260.658475	0.057711
326.218628	1480.387182	0.055558
326.218628	979.013009	0.060471
326.218628	1065.893404	0.059620
326.218628	552.649522	0.064650
326.218628	146.857153	0.068628
326.218628	1008.882211	0.060179
326.218628	314.072841	0.066989
326.218628	1928.968355	0.051163
326.218628	1116.463035	0.059124
326.218628	967.677040	0.060582
326.218628	841.181527	0.061822
313.735736	592.173888	0.003116
313.735736	1830.781779	0.000000
313.735736	1562.329878	0.000000
313.735736	1857.672330	0.000000
313.735736	560.466868	0.003432
313.735736	1307.911204	0.000000
313.735736	1919.162243	0.000000
313.735736	423.421624	0.004796
313.735736	747.287205	0.001572
313.735736	47.429240	0.008539
313.735736	1637.039167	0.000000
313.735736	936.141310	0.000000
313.735736	681.168352	0.002230
313.735736	638.874290	0.002652
313.735736	646.395277	0.002577
313.735736	1366.962003	0.000000
313.735736	990.407138	0.000000
313.735736	897.378373	0.000078
313.735736	861.464132	0.000436
313.735736	1774.858717	0.000000
313.735736	1179.039567	0.000000
313.735736	596.403608	0.003074
313.735736	1225.645121	0.000000
313.735736	513.035475	0.003904
313.735736	1048.327107	0.000000
313.735736	1499.885163	0.000000
313.735736	1269.968461	0.000000
313.735736	1282.149972	0.000000
313.735736	1216.231654	0.000000
313.735736	1368.736300	0.000000
313.735736	1786.223677	0.000000
313.735736	693.561543	0.002107
313.735736	905.450937	0.000000
313.735736	804.993418	0.000998
313.735736	728.145055	0.001763
313.735736	923.171937	0.000000
313.735736	-5.919654	0.009070
313.735736	1204.216778	0.000000
313.735736	310.881678	0.005917
313.735736	905.716373	0.000000
313.735736	507.372608	0.003961
313.735736	908.802308	0.000000
313.735736	727.551810	0.001769
313.735736	1099.796354	0.000000
313.735736	895.365554	0.000098
313.735736	729.098803	0.001753
313.735736	1399.285959	0.000000
313.735736	219.686442	0.006824
313.735736	1126.444863	0.000000
313.735736	912.749498	0.000000
313.735736	1275.078508	0.000000
313.735736	892.416740	0.000128
313.735736	1838.323368	0.000000
313.735736	841.815932	0.000631
313.735736	-96.029658	0.009967
313.735736	472.323467	0.004309
313.735736	1440.367369	0.000000
313.735736	113.907285	0.007877
313.735736	1272.530590	0.000000
313.735736	1569.906420	0.000000
313.735736	528.594918	0.003749
313.735736	1311.222384	0.000000
313.735736	1380.720680	0.000000
313.735736	339.724860	0.005629
313.735736	1193.933878	0.000000
313.735736	1188.851797	0.000000
313.735736	455.555627	0.004476
313.735736	537.137588	0.003664
313.735736	995.544652	0.000000
313.735736	594.327816	0.003095
313.735736	659.789007	0.002443
313.735736	760.224281	0.001443
313.735736	41.227254	0.008601
313.735736	1292.974272	0.000000
313.735736	508.614447	0.003948
313.735736	1798.581138	0.000000
313.735736	1074.639149	0.000000
313.735736	1297.110935	0.000000
313.735736	-247.844949	0.011479
313.735736	1202.179670	0.000000
313.735736	559.035619	0.003446
313.735736	479.550539	0.004238
313.735736	1220.576315	0.000000
313.735736	1834.591116	0.000000
313.735736	1053.877741	0.000000
313.735736	1252.413866	0.000000
313.735736	689.056781	0.002152
313.735736	1283.661603	0.000000
313.735736	1260.658475	0.000000
313.735736	1480.387182	0.000000
313.735736	979.013009	0.000000
313.735736	1065.893404	0.000000
313.735736	552.649522	0.003510
313.735736	146.857153	0.007549
313.735736	1008.882211	0.000000
313.735736	314.072841	0.005885
313.735736	1928.968355	0.000000
313.735736	1116.463035	0.000000
313.735736	967.677040	0.000000
313.735736	841.181527	0.000638
320.411243	592.173888	0.022072
320.411243	1830.781779	0.009838
320.411243	1562.329878	0.012489
320.411243	1857.672330	0.009572
320.411243	560.466868	0.022385
320.411243	1307.911204	0.015002
320.411243	1919.162243	0.008965
320.411243	423.421624	0.023739
320.411243	747.287205	0.020539
320.411243	47.429240	0.027453
320.411243	1637.039167	0.011751
320.411243	936.141310	0.018674
320.411243	681.168352	0.021193
320.411243	638.874290	0.021610
320.411243	646.395277	0.021536
320.411243	1366.962003	0.014419
320.411243	990.407138	0.018138
320.411243	897.378373	0.019057
320.411243	861.464132	0.019412
320.411243	1774.858717	0.010390
320.411243	1179.039567	0.016275
320.411243	596.403608	0.022030
320.411243	1225.645121	0.015814
320.411243	513.035475	0.022853
320.411243	1048.327107	0.017566
320.411243	1499.885163	0.013106
320.411243	1269.968461	0.015377
320.411243	1282.149972	0.015256
320.411243	1216.231654	0.015907
320.411243	1368.736300	0.014401
320.411243	1786.223677	0.010278
320.411243	693.561543	0.021070
320.411243	905.450937	0.018977
320.411243	804.993418	0.019969
320.411243	728.145055	0.020729
320.411243	923.171937	0.018802
320.411243	-5.919654	0.027980
320.411243	1204.216778	0.016026
320.411243	310.881678	0.024850
320.411243	905.716373	0.018975
320.411243	507.372608	0.022909
320.411243	908.802308	0.018944
320.411243	727.551810	0.020734
320.411243	1099.796354	0.017057
320.411243	895.365554	0.019077
320.411243	729.098803	0.020719
320.411243	1399.285959	0.014099
320.411243	219.686442	0.025751
320.411243	1126.444863	0.016794
320.411243	912.749498	0.018905
320.411243	1275.078508	0.015326
320.411243	892.416740	0.019106
320.411243	1838.323368	0.009763
320.411243	841.815932	0.019606
320.411243	-96.029658	0.028870
320.411243	472.323467	0.023256
320.411243	1440.367369	0.013694
320.411243	113.907285	0.026796
320.411243	1272.530590	0.015351
320.411243	1569.906420	0.012414
320.411243	528.594918	0.022700
320.411243	1311.222384	0.014969
320.411243	1380.720680	0.014283
320.411243	339.724860	0.024565
320.411243	1193.933878	0.016128
320.411243	1188.851797	0.016178
320.411243	455.555627	0.023421
320.411243	537.137588	0.022615
320.411243	995.544652	0.018087
320.411243	594.327816	0.022050
320.411243	659.789007	0.021404
320.411243	760.224281	0.020412
320.411243	41.227254	0.027514
320.411243	1292.974272	0.015149
320.411243	508.614447	0.022897
320.411243	1798.581138	0.010156
320.411243	1074.639149	0.017306
320.411243	1297.110935	0.015109
320.411243	-247.844949	0.030370
320.411243	1202.179670	0.016046
320.411243	559.035619	0.022399
320.411243	479.550539	0.023184
320.411243	1220.576315	0.015864
320.411243	1834.591116	0.009800
320.411243	1053.877741	0.017511
320.411243	1252.413866	0.015550
320.411243	689.056781	0.021115
320.411243	1283.661603	0.015241
320.411243	1260.658475	0.015469
320.411243	1480.387182	0.013298
320.411243	979.013009	0.018250
320.411243	1065.893404	0.017392
320.411243	552.649522	0.022462
320.411243	146.857153	0.026471
320.411243	1008.882211	0.017955
320.411243	314.072841	0.024819
320.411243	1928.968355	0.008868
320.411243	1116.463035	0.016893
320.411243	967.677040	0.018362
320.411243	841.181527	0.019612
326.881737	592.173888	0.071732
326.881737	1830.781779	0.059596
326.881737	1562.329878	0.062226
326.881737	1857.672330	0.059333
326.881737	560.466868	0.072042
326.881737	1307.911204	0.064719
326.881737	1919.162243	0.058731
326.881737	423.421624	0.073386
326.881737	747.287205	0.070212
326.881737	47.429240	0.077070
326.881737	1637.039167	0.061494
326.881737	936.141310	0.068361
326.881737	681.168352	0.070860
326.881737	638.874290	0.071274
326.881737	646.395277	0.071200
326.881737	1366.962003	0.064140
326.881737	990.407138	0.067829
326.881737	897.378373	0.068741
326.881737	861.464132	0.069093
326.881737	1774.858717	0.060144
326.881737	1179.039567	0.065981
326.881737	596.403608	0.071690
326.881737	1225.645121	0.065525
326.881737	513.035475	0.072507
326.881737	1048.327107	0.067262
326.881737	1499.885163	0.062838
326.881737	1269.968461	0.065090
326.881737	1282.149972	0.064971
326.881737	1216.231654	0.065617
326.881737	1368.736300	0.064123
326.881737	1786.223677	0.060033
326.881737	693.561543	0.070738
326.881737	905.450937	0.068662
326.881737	804.993418	0.069646
326.881737	728.145055	0.070399
326.881737	923.171937	0.068488
326.881737	-5.919654	0.077592
326.881737	1204.216778	0.065734
326.881737	310.881678	0.074489
326.881737	905.716373	0.068659
326.881737	507.372608	0.072563
326.881737	908.802308	0.068629
326.881737	727.551810	0.070405
326.881737	1099.796354	0.066758
326.881737	895.365554	0.068761
326.881737	729.098803	0.070390
326.881737	1399.285959	0.063823
326.881737	219.686442	0.075382
326.881737	1126.444863	0.066496
326.881737	912.749498	0.068590
326.881737	1275.078508	0.065040
326.881737	892.416740	0.068790
326.881737	1838.323368	0.059523
326.881737	841.815932	0.069285
326.881737	-96.029658	0.078475
326.881737	472.323467	0.072906
326.881737	1440.367369	0.063421
326.881737	113.907285	0.076418
326.881737	1272.530590	0.065065
326.881737	1569.906420	0.062152
326.881737	528.594918	0.072355
326.881737	1311.222384	0.064686
326.881737	1380.720680	0.064005
326.881737	339.724860	0.074206
326.881737	1193.933878	0.065835
326.881737	1188.851797	0.065885
326.881737	455.555627	0.073071
326.881737	537.137588	0.072271
326.881737	995.544652	0.067779
326.881737	594.327816	0.071710
326.881737	659.789007	0.071069
326.881737	760.224281	0.070085
326.881737	41.227254	0.077130
326.881737	1292.974272	0.064865
326.881737	508.614447	0.072551
326.881737	1798.581138	0.059912
326.881737	1074.639149	0.067004
326.881737	1297.110935	0.064824
326.881737	-247.844949	0.079963
326.881737	1202.179670	0.065754
326.881737	559.035619	0.072056
326.881737	479.550539	0.072836
326.881737	1220.576315	0.065574
326.881737	1834.591116	0.059559
326.881737	1053.877741	0.067208
326.881737	1252.413866	0.065262
326.881737	689.056781	0.070782
326.881737	1283.661603	0.064956
326.881737	1260.658475	0.065181
326.881737	1480.387182	0.063029
326.881737	979.013009	0.067941
326.881737	1065.893404	0.067090
326.881737	552.649522	0.072119
326.881737	146.857153	0.076096
326.881737	1008.882211	0.067648
326.881737	314.072841	0.074457
326.881737	1928.968355	0.058635
326.881737	1116.463035	0.066594
326.881737	967.677040	0.068052
326.881737	841.181527	0.069292
321.956492	592.173888	0.030044
321.956492	1830.781779	0.017840
321.956492	1562.329878	0.020485
321.956492	1857.672330	0.017575
321.956492	560.466868	0.030356
321.956492	1307.911204	0.022991
321.956492	1919.162243	0.016970
321.956492	423.421624	0.031707
321.956492	747.287205	0.028515
321.956492	47.429240	0.035412
321.956492	1637.039167	0.019749
321.956492	936.141310	0.026654
321.956492	681.168352	0.029167
321.956492	638.874290	0.029584
321.956492	646.395277	0.029510
321.956492	1366.962003	0.022410
321.956492	990.407138	0.026120
321.956492	897.378373	0.027036
321.956492	861.464132	0.027390
321.956492	1774.858717	0.018391
321.956492	1179.039567	0.024261
321.956492	596.403608	0.030002
321.956492	1225.645121	0.023802
321.956492	513.035475	0.030824
321.956492	1048.327107	0.025549
321.956492	1499.885163	0.021100
321.956492	1269.968461	0.023365
321.956492	1282.149972	0.023245
321.956492	1216.231654	0.023895
321.956492	1368.736300	0.022392
321.956492	1786.223677	0.018279
321.956492	693.561543	0.029045
321.956492	905.450937	0.026957
321.956492	804.993418	0.027947
321.956492	728.145055	0.028704
321.956492	923.171937	0.026782
321.956492	-5.919654	0.035938
321.956492	1204.216778	0.024013
321.956492	310.881678	0.032816
321.956492	905.716373	0.026954
321.956492	507.372608	0.030880
321.956492	908.802308	0.026924
321.956492	727.551810	0.028710
321.956492	1099.796354	0.025042
321.956492	895.365554	0.027056
321.956492	729.098803	0.028695
321.956492	1399.285959	0.022091
321.956492	219.686442	0.033714
321.956492	1126.444863	0.024779
321.956492	912.749498	0.026885
321.956492	1275.078508	0.023315
321.956492	892.416740	0.027085
321.956492	1838.323368	0.017766
321.956492	841.815932	0.027584
321.956492	-96.029658	0.036826
321.956492	472.323467	0.031225
321.956492	1440.367369	0.021686
321.956492	113.907285	0.034757
321.956492	1272.530590	0.023340
321.956492	1569.906420	0.020410
321.956492	528.594918	0.030670
321.956492	1311.222384	0.022959
321.956492	1380.720680	0.022274
321.956492	339.724860	0.032532
321.956492	1193.933878	0.024114
321.956492	1188.851797	0.024164
321.956492	455.555627	0.031390
321.956492	537.137588	0.030586
321.956492	995.544652	0.026069
321.956492	594.327816	0.030023
321.956492	659.789007	0.029378
321.956492	760.224281	0.028388
321.956492	41.227254	0.035473
321.956492	1292.974272	0.023139
321.956492	508.614447	0.030867
321.956492	1798.581138	0.018157
321.956492	1074.639149	0.025290
321.956492	1297.110935	0.023098
321.956492	-247.844949	0.038322
321.956492	1202.179670	0.024033
321.956492	559.035619	0.030370
321.956492	479.550539	0.031154
321.956492	1220.576315	0.023852
321.956492	1834.591116	0.017803
321.956492	1053.877741	0.025494
321.956492	1252.413866	0.023538
321.956492	689.056781	0.029089
321.956492	1283.661603	0.023230
321.956492	1260.658475	0.023457
321.956492	1480.387182	0.021292
321.956492	979.013009	0.026232
321.956492	1065.893404	0.025376
321.956492	552.649522	0.030433
321.956492	146.857153	0.034432
321.956492	1008.882211	0.025938
321.956492	314.072841	0.032784
321.956492	1928.968355	0.016873
321.956492	1116.463035	0.024878
321.956492	967.677040	0.026344
321.956492	841.181527	0.027590
326.008790	592.173888	0.062042
326.008790	1830.781779	0.049902
326.008790	1562.329878	0.052533
326.008790	1857.672330	0.049639
326.008790	560.466868	0.062353
326.008790	1307.911204	0.055026
326.008790	1919.162243	0.049037
326.008790	423.421624	0.063696
326.008790	747.287205	0.060521
326.008790	47.429240	0.067382
326.008790	1637.039167	0.051800
326.008790	936.141310	0.058670
326.008790	681.168352	0.061169
326.008790	638.874290	0.061584
326.008790	646.395277	0.061510
326.008790	1366.962003	0.054447
326.008790	990.407138	0.058138
326.008790	897.378373	0.059050
326.008790	861.464132	0.059402
326.008790	1774.858717	0.050450
326.008790	1179.039567	0.056289
326.008790	596.403608	0.062000
326.008790	1225.645121	0.055832
326.008790	513.035475	0.062818
326.008790	1048.327107	0.057570
326.008790	1499.885163	0.053145
326.008790	1269.968461	0.055398
326.008790	1282.149972	0.055278
326.008790	1216.231654	0.055925
326.008790	1368.736300	0.054430
326.008790	1786.223677	0.050339
326.008790	693.561543	0.061048
326.008790	905.450937	0.058971
326.008790	804.993418	0.059956
326.008790	728.145055	0.060709
326.008790	923.171937	0.058797
326.008790	-5.919654	0.067905
326.008790	1204.216778	0.056042
326.008790	310.881678	0.064799
326.008790	905.716373	0.058968
326.008790	507.372608	0.062873
326.008790	908.802308	0.058938
326.008790	727.551810	0.060715
326.008790	1099.796354	0.057066
326.008790	895.365554	0.059070
326.008790	729.098803	0.060700
326.008790	1399.285959	0.054130
326.008790	219.686442	0.065693
326.008790	1126.444863	0.056805
326.008790	912.749498	0.058899
326.008790	1275.078508	0.055348
326.008790	892.416740	0.059099
326.008790	1838.323368	0.049829
326.008790	841.815932	0.059595
326.008790	-96.029658	0.068788
326.008790	472.323467	0.063217
326.008790	1440.367369	0.053728
326.008790	113.907285	0.066730
326.008790	1272.530590	0.055373
326.008790	1569.906420	0.052458
326.008790	528.594918	0.062665
326.008790	1311.222384	0.054993
326.008790	1380.720680	0.054312
326.008790	339.724860	0.064517
326.008790	1193.933878	0.056143
326.008790	1188.851797	0.056193
326.008790	455.555627	0.063381
326.008790	537.137588	0.062581
326.008790	995.544652	0.058088
326.008790	594.327816	0.062021
326.008790	659.789007	0.061379
326.008790	760.224281	0.060394
326.008790	41.227254	0.067443
326.008790	1292.974272	0.055172
326.008790	508.614447	0.062861
326.008790	1798.581138	0.050218
326.008790	1074.639149	0.057312
326.008790	1297.110935	0.055132
326.008790	-247.844949	0.070276
326.008790	1202.179670	0.056062
326.008790	559.035619	0.062367
326.008790	479.550539	0.063146
326.008790	1220.576315	0.055882
326.008790	1834.591116	0.049865
326.008790	1053.877741	0.057516
326.008790	1252.413866	0.055570
326.008790	689.056781	0.061092
326.008790	1283.661603	0.055264
326.008790	1260.658475	0.055489
326.008790	1480.387182	0.053336
326.008790	979.013009	0.058250
326.008790	1065.893404	0.057398
326.008790	552.649522	0.062429
326.008790	146.857153	0.066407
326.008790	1008.882211	0.057957
326.008790	314.072841	0.064768
326.008790	1928.968355	0.048941
326.008790	1116.463035	0.056902
326.008790	967.677040	0.058361
326.008790	841.181527	0.059601
318.887542	592.173888	0.015851
318.887542	1830.781779	0.003589
318.887542	1562.329878	0.006246
318.887542	1857.672330	0.003323
318.887542	560.466868	0.016164
318.887542	1307.911204	0.008765
318.887542	1919.162243	0.002714
318.887542	423.421624	0.017521
318.887542	747.287205	0.014315
318.887542	47.429240	0.021244
318.887542	1637.039167	0.005507
318.887542	936.141310	0.012445
318.887542	681.168352	0.014969
318.887542	638.874290	0.015388
318.887542	646.395277	0.015314
318.887542	1366.962003	0.008180
318.887542	990.407138	0.011908
318.887542	897.378373	0.012829
318.887542	861.464132	0.013185
318.887542	1774.858717	0.004142
318.887542	1179.039567	0.010041
318.887542	596.403608	0.015809
318.887542	1225.645121	0.009579
318.887542	513.035475	0.016634
318.887542	1048.327107	0.011335
318.887542	1499.885163	0.006864
318.887542	1269.968461	0.009140
318.887542	1282.149972	0.009020
318.887542	1216.231654	0.009672
318.887542	1368.736300	0.008163
318.887542	1786.223677	0.004030
318.887542	693.561543	0.014847
318.887542	905.450937	0.012749
318.887542	804.993418	0.013744
318.887542	728.145055	0.014504
318.887542	923.171937	0.012574
318.887542	-5.919654	0.021772
318.887542	1204.216778	0.009791
318.887542	310.881678	0.018635
318.887542	905.716373	0.012746
318.887542	507.372608	0.016690
318.887542	908.802308	0.012716
318.887542	727.551810	0.014510
318.887542	1099.796354	0.010825
318.887542	895.365554	0.012849
318.887542	729.098803	0.014495
318.887542	1399.285959	0.007860
318.887542	219.686442	0.019538
318.887542	1126.444863	0.010561
318.887542	912.749498	0.012677
318.887542	1275.078508	0.009090
318.887542	892.416740	0.012878
318.887542	1838.323368	0.003514
318.887542	841.815932	0.013379
318.887542	-96.029658	0.022664
318.887542	472.323467	0.017037
318.887542	1440.367369	0.007453
318.887542	113.907285	0.020586
318.887542	1272.530590	0.009115
318.887542	1569.906420	0.006171
318.887542	528.594918	0.016480
318.887542	1311.222384	0.008732
318.887542	1380.720680	0.008044
318.887542	339.724860	0.018350
318.887542	1193.933878	0.009893
318.887542	1188.851797	0.009943
318.887542	455.555627	0.017203
318.887542	537.137588	0.016395
318.887542	995.544652	0.011857
318.887542	594.327816	0.015829
318.887542	659.789007	0.015181
318.887542	760.224281	0.014187
318.887542	41.227254	0.021305
318.887542	1292.974272	0.008913
318.887542	508.614447	0.016678
318.887542	1798.581138	0.003908
318.887542	1074.639149	0.011074
318.887542	1297.110935	0.008872
318.887542	-247.844949	0.024167
318.887542	1202.179670	0.009811
318.887542	559.035619	0.016179
318.887542	479.550539	0.016966
318.887542	1220.576315	0.009629
318.887542	1834.591116	0.003551
318.887542	1053.877741	0.011280
318.887542	1252.413866	0.009314
318.887542	689.056781	0.014891
318.887542	1283.661603	0.009005
318.887542	1260.658475	0.009233
318.887542	1480.387182	0.007057
318.887542	979.013009	0.012021
318.887542	1065.893404	0.011161
318.887542	552.649522	0.016242
318.887542	146.857153	0.020259
318.887542	1008.882211	0.011725
318.887542	314.072841	0.018604
318.887542	1928.968355	0.002617
318.887542	1116.463035	0.010660
318.887542	967.677040	0.012133
318.887542	841.181527	0.013385
309.380714	592.173888	0.000000
309.380714	1830.781779	0.000000
309.380714	1562.329878	0.000000
309.380714	1857.672330	0.000000
309.380714	560.466868	0.000000
309.380714	1307.911204	0.000000
309.380714	1919.162243	0.000000
309.380714	423.421624	0.000000
309.380714	747.287205	0.000000
309.380714	47.429240	0.003675
309.380714	1637.039167	0.000000
309.380714	936.141310	0.000000
309.380714	681.168352	0.000000
309.380714	638.874290	0.000000
309.380714	646.395277	0.000000
309.380714	1366.962003	0.000000
309.380714	990.407138	0.000000
309.380714	897.378373	0.000000
309.380714	861.464132	0.000000
309.380714	1774.858717	0.000000
309.380714	1179.039567	0.000000
309.380714	596.403608	0.000000
309.380714	1225.645121	0.000000
309.380714	513.035475	0.000000
309.380714	1048.327107	0.000000
309.380714	1499.885163	0.000000
309.380714	1269.968461	0.000000
309.380714	1282.149972	0.000000
309.380714	1216.231654	0.000000
309.380714	1368.736300	0.000000
309.380714	1786.223677	0.000000
309.380714	693.561543	0.000000
309.380714	905.450937	0.000000
309.380714	804.993418	0.000000
309.380714	728.145055	0.000000
309.380714	923.171937	0.000000
309.380714	-5.919654	0.004207
309.380714	1204.216778	0.000000
309.380714	310.881678	0.001046
309.380714	905.716373	0.000000
309.380714	507.372608	0.000000
309.380714	908.802308	0.000000
309.380714	727.551810	0.000000
309.380714	1099.796354	0.000000
309.380714	895.365554	0.000000
309.380714	729.098803	0.000000
309.380714	1399.285959	0.000000
309.380714	219.686442	0.001956
309.380714	1126.444863	0.000000
309.380714	912.749498	0.000000
309.380714	1275.078508	0.000000
309.380714	892.416740	0.000000
309.380714	1838.323368	0.000000
309.380714	841.815932	0.000000
309.380714	-96.029658	0.005107
309.380714	472.323467	0.000000
309.380714	1440.367369	0.000000
309.380714	113.907285	0.003012
309.380714	1272.530590	0.000000
309.380714	1569.906420	0.000000
309.380714	528.594918	0.000000
309.380714	1311.222384	0.000000
309.380714	1380.720680	0.000000
309.380714	339.724860	0.000758
309.380714	1193.933878	0.000000
309.380714	1188.851797	0.000000
309.380714	455.555627	0.000000
309.380714	537.137588	0.000000
309.380714	995.544652	0.000000
309.380714	594.327816	0.000000
309.380714	659.789007	0.000000
309.380714	760.224281	0.000000
309.380714	41.227254	0.003737
309.380714	1292.974272	0.000000
309.380714	508.614447	0.000000
309.380714	1798.581138	0.000000
309.380714	1074.639149	0.000000
309.380714	1297.110935	0.000000
309.380714	-247.844949	0.006621
309.380714	1202.179670	0.000000
309.380714	559.035619	0.000000
309.380714	479.550539	0.000000
309.380714	1220.576315	0.000000
309.380714	1834.591116	0.000000
309.380714	1053.877741	0.000000
309.380714	1252.413866	0.000000
309.380714	689.056781	0.000000
309.380714	1283.661603	0.000000
309.380714	1260.658475	0.000000
309.380714	1480.387182	0.000000
309.380714	979.013009	0.000000
309.380714	1065.893404	0.000000
309.380714	552.649522	0.000000
309.380714	146.857153	0.002683
309.380714	1008.882211	0.000000
309.380714	314.072841	0.001014
309.380714	1928.968355	0.000000
309.380714	1116.463035	0.000000
309.380714	967.677040	0.000000
309.380714	841.181527	0.000000
311.118469	592.173888	0.000000
311.118469	1830.781779	0.000000
311.118469	1562.329878	0.000000
311.118469	1857.672330	0.000000
311.118469	560.466868	0.000084
311.118469	1307.911204	0.000000
311.118469	1919.162243	0.000000
311.118469	423.421624	0.001451
311.118469	747.287205	0.000000
311.118469	47.429240	0.005200
311.118469	1637.039167	0.000000
311.118469	936.141310	0.000000
311.118469	681.168352	0.000000
311.118469	638.874290	0.000000
311.118469	646.395277	0.000000
311.118469	1366.962003	0.000000
311.118469	990.407138	0.000000
311.118469	897.378373	0.000000
311.118469	861.464132	0.000000
311.118469	1774.858717	0.000000
311.118469	1179.039567	0.000000
311.118469	596.403608	0.000000
311.118469	1225.645121	0.000000
311.118469	513.035475	0.000557
311.118469	1048.327107	0.000000
311.118469	1499.885163	0.000000
311.118469	1269.968461	0.000000
311.118469	1282.149972	0.000000
311.118469	1216.231654	0.000000
311.118469	1368.736300	0.000000
311.118469	1786.223677	0.000000
311.118469	693.561543	0.000000
311.118469	905.450937	0.000000
311.118469	804.993418	0.000000
311.118469	728.145055	0.000000
311.118469	923.171937	0.000000
311.118469	-5.919654	0.005731
311.118469	1204.216778	0.000000
311.118469	310.881678	0.002573
311.118469	905.716373	0.000000
311.118469	507.372608	0.000613
311.118469	908.802308	0.000000
311.118469	727.551810	0.000000
311.118469	1099.796354	0.000000
311.118469	895.365554	0.000000
311.118469	729.098803	0.000000
311.118469	1399.285959	0.000000
311.118469	219.686442	0.003482
311.118469	1126.444863	0.000000
311.118469	912.749498	0.000000
311.118469	1275.078508	0.000000
311.118469	892.416740	0.000000
311.118469	1838.323368	0.000000
311.118469	841.815932	0.000000
311.118469	-96.029658	0.006630
311.118469	472.323467	0.000963
311.118469	1440.367369	0.000000
311.118469	113.907285	0.004537
311.118469	1272.530590	0.000000
311.118469	1569.906420	0.000000
311.118469	528.594918	0.000402
311.118469	1311.222384	0.000000
311.118469	1380.720680	0.000000
311.118469	339.724860	0.002285
311.118469	1193.933878	0.000000
311.118469	1188.851797	0.000000
311.118469	455.555627	0.001130
311.118469	537.137588	0.000317
311.118469	995.544652	0.000000
311.118469	594.327816	0.000000
311.118469	659.789007	0.000000
311.118469	760.224281	0.000000
311.118469	41.227254	0.005261
311.118469	1292.974272	0.000000
311.118469	508.614447	0.000601
311.118469	1798.581138	0.000000
311.118469	1074.639149	0.000000
311.118469	1297.110935	0.000000
311.118469	-247.844949	0.008144
311.118469	1202.179670	0.000000
311.118469	559.035619	0.000098
311.118469	479.550539	0.000891
311.118469	1220.576315	0.000000
311.118469	1834.591116	0.000000
311.118469	1053.877741	0.000000
311.118469	1252.413866	0.000000
311.118469	689.056781	0.000000
311.118469	1283.661603	0.000000
311.118469	1260.658475	0.000000
311.118469	1480.387182	0.000000
311.118469	979.013009	0.000000
311.118469	1065.893404	0.000000
311.118469	552.649522	0.000162
311.118469	146.857153	0.004208
311.118469	1008.882211	0.000000
311.118469	314.072841	0.002541
311.118469	1928.968355	0.000000
311.118469	1116.463035	0.000000
311.118469	967.677040	0.000000
311.118469	841.181527	0.000000
353.621863	592.173888	0.996826
353.621863	1830.781779	0.995685
353.621863	1562.329878	0.995931
353.621863	1857.672330	0.995660
353.621863	560.466868	0.996854
353.621863	1307.911204	0.996165
353.621863	1919.162243	0.995604
353.621863	423.421624	0.996982
353.621863	747.287205	0.996682
353.621863	47.429240	0.997331
353.621863	1637.039167	0.995862
353.621863	936.141310	0.996507
353.621863	681.168352	0.996743
353.621863	638.874290	0.996782
353.621863	646.395277	0.996775
353.621863	1366.962003	0.996111
353.621863	990.407138	0.996458
353.621863	897.378373	0.996543
353.621863	861.464132	0.996577
353.621863	1774.858717	0.995736
353.621863	1179.039567	0.996284
353.621863	596.403608	0.996822
353.621863	1225.645121	0.996241
353.621863	513.035475	0.996899
353.621863	1048.327107	0.996404
353.621863	1499.885163	0.995988
353.621863	1269.968461	0.996200
353.621863	1282.149972	0.996188
353.621863	1216.231654	0.996249
353.621863	1368.736300	0.996109
353.621863	1786.223677	0.995726
353.621863	693.561543	0.996731
353.621863	905.450937	0.996536
353.621863	804.993418	0.996628
353.621863	728.145055	0.996700
353.621863	923.171937	0.996520
353.621863	-5.919654	0.997380
353.621863	1204.216778	0.996260
353.621863	310.881678	0.997086
353.621863	905.716373	0.996536
353.621863	507.372608	0.996904
353.621863	908.802308	0.996533
353.621863	727.551810	0.996701
353.621863	1099.796354	0.996357
353.621863	895.365554	0.996545
353.621863	729.098803	0.996699
353.621863	1399.285959	0.996081
353.621863	219.686442	0.997171
353.621863	1126.444863	0.996332
353.621863	912.749498	0.996529
353.621863	1275.078508	0.996195
353.621863	892.416740	0.996548
353.621863	1838.323368	0.995678
353.621863	841.815932	0.996595
353.621863	-96.029658	0.997464
353.621863	472.323467	0.996936
353.621863	1440.367369	0.996043
353.621863	113.907285	0.997270
353.621863	1272.530590	0.996197
353.621863	1569.906420	0.995925
353.621863	528.594918	0.996884
353.621863	1311.222384	0.996162
353.621863	1380.720680	0.996098
353.621863	339.724860	0.997060
353.621863	1193.933878	0.996270
353.621863	1188.851797	0.996274
